cam0:
  cam_overlaps: [1]
  camera_model: pinhole
  distortion_coeffs: [0.11218844830284246, -0.14648787473166713, 0.00155039235794289, -0.0010062580768472945]
  #distortion_coeffs: [0.069702, -0.088040, 0.000465, -0.009010, 0.000000]
  distortion_model: radtan
  intrinsics: [722.7136075787245, 725.1630125375788, 639.9831035461332, 351.4996737307658]
  resolution: [1280, 720]
  rostopic: /left_camera/image_raw
cam1:
  T_cn_cnm1:
  - [0.9999932452719041, -0.0029976470283940688, 0.0021268575064151817, -0.242779788999262]
  - [0.003010251174115038, 0.9999777799538703, -0.005947939676204155, 0.010090387808403493]
  - [-0.002108980423847844, 0.005954301874794792, 0.9999800490463546, -0.0012286086211768508]
  - [0.0, 0.0, 0.0, 1.0]
  cam_overlaps: [0]
  camera_model: pinhole
  distortion_coeffs: [0.10582682060995902, -0.1420540382314699, 0.0012202631289349704, -0.001205452627350466]
  #distortion_coeffs: [0.081289, -0.121086, 0.000206, -0.000477, 0.000000]
  distortion_model: radtan
  intrinsics: [721.7552944377885, 725.7180765627958, 635.9762119915735, 312.8759251964135]
  resolution: [1280, 720]
  rostopic: /right_camera/image_raw
